public/data/2020072206wind.json
{"header": { "discipline":0, "disciplineName":"Meteorological products", "gribEdition":2, "gribLength":2179, "center":7, "centerName":"US National Weather Service - NCEP(WMC)", "subcenter":0, "refTime":"2020-07-22T06:00:00.000Z", "significanceOfRT":0, "significanceOfRTName":"Analysis", "productStatus":0, "productStatusName":"Operational products", "productType":0, "productTypeName":"Analysis products", "productDefinitionTemplate":0, "productDefinitionTemplateName":"Analysis/forecast at horizontal level/layer at a point in time", "parameterCategory":2, "parameterCategoryName":"Momentum", "parameterNumber":3, "parameterNumberName":"V-component_of_wind", "parameterUnit":"m.s-1", "genProcessType":0, "genProcessTypeName":"Analysis", "forecastTime":0, "surface1Type":103, "surface1TypeName":"Specified height level above ground", "surface1Value":80.0, "surface2Type":255, "surface2TypeName":"Missing", "surface2Value":0.0, "gridDefinitionTemplate":0, "gridDefinitionTemplateName":"Latitude_Longitude", "numberPoints":1333, "shape":6, "shapeName":"Earth spherical with radius of 6,371,229.0 m", "gridUnits":"degrees", "resolution":48, "winds":"true", "scanMode":64, "nx":31, "ny":43, "basicAngle":0, "lo1":105.0, "la2":0.0, "lo2":135.0, "la1":42.0, "dx":1.0, "dy":1.0 }, "data":
[rows 0 to 42 of 43, columns 0 to 30 of 31]
6.395398,5.505398,4.8153977,0.015397949,-3.764602,-2.714602,-1.3446021,0.85539794,2.095398,0.6853979,0.33539796,-0.45460206,0.08539795,-0.934602,-2.974602,-2.224602,-1.2246021,-1.784602,-1.3546021,5.205398,2.4453979,5.7953978,1.825398,3.1953979,4.725398,4.495398,-2.494602,-1.1046021,0.505398,0.78539795,1.085398
5.145398,1.425398,-1.584602,1.565398,-2.8146021,-0.95460206,-0.864602,0.09539795,0.39539796,0.95539796,1.565398,1.345398,-0.76460207,-0.47460204,-3.464602,-3.0546021,-0.15460205,-1.2546021,-1.574602,-1.434602,5.185398,6.135398,5.825398,1.575398,5.075398,3.095398,3.4253979,2.2053978,1.665398,1.6453979,1.295398
3.9653978,5.705398,6.165398,0.49539796,1.3553979,3.355398,1.575398,-0.104602054,0.16539794,0.03539795,0.78539795,-0.8146021,-1.684602,-0.744602,-1.2246021,-1.944602,-2.5746021,-1.8846021,-0.33460206,-0.66460204,3.565398,6.055398,1.965398,1.725398,2.7153978,3.295398,3.155398,2.145398,1.815398,1.205398,1.3653979
0.9953979,1.585398,-1.294602,-2.884602,-4.154602,-3.594602,-1.924602,-1.3946021,-0.85460204,0.14539795,-0.14460205,-0.78460205,-0.38460204,-0.72460204,0.04539795,-0.31460205,-0.5046021,-0.98460203,0.885398,2.415398,4.945398,3.9453979,1.6353979,2.345398,4.245398,3.985398,2.625398,0.42539796,0.885398,2.035398,2.065398
-0.63460207,-2.124602,-0.72460204,-3.874602,-3.594602,-3.5346022,-3.184602,-2.7946022,1.3653979,-1.8646021,-0.43460205,1.1453979,1.6053979,1.7353979,-0.31460205,0.8753979,0.53539795,0.90539795,0.42539796,1.725398,0.85539794,3.165398,1.7653979,1.085398,0.45539796,-1.4846021,-0.95460206,0.7453979,1.835398,0.78539795,1.595398
-0.41460204,-0.83460206,-2.204602,-2.3146021,-2.354602,-3.594602,-3.384602,-3.684602,-2.464602,1.1353979,-4.284602,-0.14460205,0.03539795,1.8953979,3.025398,1.7553979,2.375398,0.71539795,0.08539795,0.96539795,0.95539796,-0.35460204,0.26539794,-0.26460207,0.14539795,0.11539795,-0.76460207,-1.3746021,-0.5646021,-0.51460207,1.335398
-1.194602,-1.834602,-2.224602,-2.334602,-2.364602,-2.174602,-2.694602,-3.104602,-3.154602,-2.0746021,-0.11460205,-1.444602,0.635398,-0.5046021,1.075398,1.585398,1.555398,1.8753979,2.265398,0.885398,2.805398,-0.57460207,-1.1446021,-1.924602,-4.234602,-4.604602,-7.304602,-8.104602,-7.144602,-3.2846022,-1.6246021
-0.5046021,-0.66460204,-0.03460205,-0.554602,-1.0946021,-1.3546021,-1.284602,-1.654602,-2.354602,-2.374602,-2.154602,-4.104602,-1.334602,2.805398,2.365398,2.045398,1.665398,1.445398,1.815398,0.38539794,-0.05460205,1.5253979,-0.34460205,-1.6346021,-2.8246021,-4.124602,-0.90460205,-5.114602,-6.094602,-4.144602,-2.754602
0.58539796,-0.24460205,-0.31460205,-0.23460205,-0.42460206,-0.52460206,-0.54460204,-0.43460205,-1.334602,-1.1246021,-0.79460204,0.03539795,-0.30460206,-0.65460205,1.545398,2.225398,0.945398,-1.8946021,-1.1246021,-1.664602,0.45539796,0.96539795,0.70539796,-1.3646021,-2.174602,-2.514602,-1.8646021,1.575398,3.1853979,-0.26460207,-1.944602
1.435398,0.28539795,-0.70460206,0.83539796,0.0053979494,0.03539795,-0.29460204,0.32539794,-1.204602,-1.9946021,-0.5046021,-1.174602,-0.90460205,0.945398,-1.174602,0.57539797,-0.38460204,1.055398,0.72539794,-0.90460205,-2.504602,-2.004602,0.695398,-1.2346021,-2.444602,-2.644602,-2.624602,2.975398,2.305398,0.43539795,-2.734602
1.165398,1.1053979,1.675398,0.67539793,0.36539796,-0.43460205,0.58539796,-0.24460205,-1.184602,-2.154602,-1.834602,-2.0746021,-2.624602,-3.724602,1.2653979,-0.34460205,-0.51460207,-0.91460204,-0.92460203,-3.134602,2.005398,-0.07460205,1.575398,0.28539795,-0.77460206,-1.944602,-2.674602,-1.674602,0.13539796,-0.72460204,-1.154602
2.4553978,2.485398,2.815398,3.4553978,1.4053979,1.055398,0.79539794,-0.49460205,-0.7546021,-1.5046021,-1.7346021,-2.3146021,-2.854602,-2.684602,0.20539795,-0.12460205,0.70539796,-1.1346021,-3.504602,1.9053979,1.5153979,1.815398,1.6353979,0.48539793,-0.96460205,-1.0946021,-0.98460203,-1.654602,0.13539796,-1.334602,-1.424602
2.245398,2.9553978,1.535398,0.72539794,1.065398,1.665398,1.415398,0.46539795,-0.51460207,-0.22460204,-1.1446021,-1.454602,-1.2546021,-1.674602,1.185398,2.615398,0.025397949,-1.3446021,0.46539795,0.06539795,0.48539793,0.41539794,0.42539796,0.0053979494,0.11539795,-0.79460204,-0.84460205,-2.174602,0.075397946,-0.48460206,-0.91460204
0.42539796,1.675398,-0.52460206,-1.804602,-0.46460205,2.245398,2.315398,1.955398,0.37539795,0.41539794,-0.41460204,-0.34460205,0.45539796,-1.0946021,-1.6446021,-0.03460205,-0.13460205,0.24539796,1.675398,-1.564602,-0.35460204,0.85539794,0.37539795,0.39539796,0.48539793,-0.60460204,-1.6146021,-2.0346022,-0.27460206,-0.83460206,-0.47460204
-0.6946021,1.7553979,0.59539795,1.4953979,1.415398,3.985398,4.055398,3.375398,1.315398,0.98539793,0.14539795,-0.45460206,-0.96460205,-1.334602,-1.794602,-1.784602,0.24539796,-5.1846023,-2.3146021,-0.79460204,1.975398,1.5253979,1.205398,0.635398,-0.05460205,-1.164602,-2.104602,-1.534602,-1.2646021,-1.044602,-1.2446021
0.78539795,0.6253979,1.575398,0.8053979,3.335398,4.0653977,4.875398,3.585398,2.2053978,1.175398,0.78539795,-0.45460206,-0.15460205,-1.154602,-1.4746021,2.155398,-0.39460206,-2.714602,0.8053979,2.495398,1.935398,1.725398,1.825398,1.225398,0.16539794,-0.28460205,-1.804602,-1.534602,-1.3846021,-1.214602,0.52539796
2.1953979,0.76539797,0.73539793,-1.3646021,2.295398,3.625398,4.005398,2.645398,2.085398,2.125398,2.555398,0.49539796,0.10539795,-0.83460206,-1.924602,0.43539795,1.925398,-2.354602,0.70539796,2.9353979,2.325398,2.005398,1.8953979,0.89539796,0.0053979494,-0.864602,-1.2546021,-0.614602,-0.58460206,-0.57460207,-1.284602
2.755398,2.995398,-2.5446022,2.995398,3.4553978,3.565398,3.855398,2.235398,1.445398,2.065398,3.585398,1.3553979,0.0053979494,-1.404602,-2.0746021,-1.334602,0.64539796,-0.52460206,0.755398,3.095398,2.545398,2.625398,1.1153979,1.335398,1.185398,0.18539795,0.24539796,-0.24460205,-0.64460206,-0.82460207,-1.034602
2.135398,-1.274602,4.465398,4.165398,3.395398,2.095398,1.965398,2.315398,0.8053979,0.815398,3.4353979,2.065398,-0.15460205,-2.084602,-1.8946021,-1.334602,-0.52460206,1.5053979,1.665398,2.835398,3.245398,2.155398,2.265398,1.3653979,0.73539793,0.30539796,-0.41460204,0.12539795,-0.6246021,-0.79460204,-1.694602
-0.12460205,3.855398,5.945398,7.195398,1.1153979,1.7353979,2.065398,1.415398,2.255398,3.025398,2.9453979,2.545398,0.38539794,-2.164602,-1.8546021,-0.004602051,-1.1446021,1.1453979,1.9953979,1.9853979,1.8653979,2.265398,2.105398,1.7653979,1.6553979,0.97539794,0.815398,0.30539796,0.52539796,0.73539793,-0.25460204
2.4353979,6.465398,7.245398,5.925398,-3.3046021,-2.454602,2.2153978,2.1953979,1.845398,3.595398,3.315398,3.1953979,1.825398,1.055398,0.42539796,0.43539795,0.54539794,0.58539796,0.5553979,1.3853979,1.8553979,1.595398,2.2153978,1.2753979,0.9353979,1.075398,0.89539796,1.1353979,1.1053979,0.015397949,-1.1046021
0.36539796,6.265398,6.055398,6.805398,-0.38460204,2.665398,1.445398,-0.7546021,1.0253979,0.5553979,4.005398,3.355398,3.405398,2.7053978,2.615398,1.9953979,1.2753979,1.0153979,0.8753979,1.055398,0.95539796,1.095398,0.9353979,0.6253979,0.755398,1.2753979,1.215398,1.3653979,-0.104602054,0.5553979,0.20539795
1.535398,5.635398,4.645398,4.8353977,5.875398,5.325398,3.9453979,5.125398,3.135398,0.635398,1.835398,3.005398,3.275398,3.4253979,3.345398,5.505398,-0.44460204,1.345398,1.455398,1.6153979,1.8953979,1.545398,0.41539794,0.05539795,0.17539795,-0.014602051,0.24539796,-2.674602,-2.164602,-0.8746021,-0.554602
4.305398,6.205398,7.0653977,2.755398,5.925398,5.475398,1.345398,2.795398,3.915398,1.795398,3.835398,3.745398,-1.574602,2.005398,2.005398,-3.094602,1.075398,2.345398,2.9553978,3.035398,1.6053979,1.2453979,1.185398,-0.6246021,-0.65460205,-1.3546021,-1.3746021,-1.564602,-1.274602,-2.654602,-3.5446022
6.375398,1.5153979,8.475398,6.995398,7.155398,3.4353979,3.565398,1.955398,4.245398,3.595398,2.995398,3.835398,3.565398,2.915398,-0.34460205,-2.904602,-0.5646021,3.7153978,3.545398,3.405398,3.115398,1.4053979,0.28539795,-0.32460204,-0.16460206,-0.12460205,-0.30460206,-1.164602,-1.8746021,-2.594602,-2.424602
6.3153977,6.425398,7.345398,6.845398,5.625398,5.805398,3.605398,4.5853977,3.405398,4.285398,5.935398,4.145398,3.815398,3.005398,7.515398,1.445398,-2.934602,5.155398,4.195398,4.395398,4.075398,3.025398,2.4253979,1.6553979,0.945398,0.70539796,-0.46460205,-1.284602,-2.114602,-2.124602,-2.404602
6.345398,10.635398,7.5453978,6.115398,6.415398,5.455398,4.935398,7.475398,5.875398,4.535398,7.0653977,5.685398,2.525398,3.4253979,2.4653978,8.385398,4.455398,2.565398,4.3353977,5.355398,4.465398,4.375398,2.505398,0.945398,0.565398,0.06539795,-0.44460204,-1.674602,-2.504602,-2.344602,-2.254602
9.5753975,11.745398,12.445398,10.635398,9.275398,9.8253975,4.355398,7.8353977,7.855398,1.575398,7.5453978,5.495398,3.895398,2.615398,1.2753979,3.1853979,5.765398,4.675398,7.245398,6.615398,5.685398,4.615398,2.855398,-0.17460205,1.315398,0.67539793,-0.6246021,-1.4746021,-2.214602,-2.694602,-2.474602
-1.904602,6.205398,6.895398,10.235398,6.505398,8.555398,1.4953979,7.685398,7.5653977,4.445398,7.725398,6.255398,5.415398,3.875398,2.355398,2.005398,5.945398,6.485398,6.3153977,6.995398,6.725398,4.995398,3.6853979,3.765398,1.545398,2.4653978,0.505398,-0.59460205,-1.774602,-2.0446022,-2.524602
-1.694602,-1.084602,3.515398,3.825398,4.885398,6.865398,6.875398,5.535398,9.635398,5.935398,4.655398,7.505398,6.7953978,2.2153978,1.285398,1.9853979,0.89539796,9.035398,5.765398,6.975398,6.475398,4.365398,3.505398,3.4653978,2.545398,0.84539795,-0.014602051,-2.014602,-1.4846021,-1.684602,-1.5146021
-0.684602,0.04539795,-0.934602,2.265398,3.4553978,2.9553978,3.885398,10.535398,10.3253975,9.875398,4.765398,5.645398,8.055398,4.805398,4.215398,2.415398,2.7153978,11.445398,9.845398,8.265398,5.675398,3.615398,3.9453979,3.735398,1.6153979,0.23539795,-0.02460205,-1.804602,-2.104602,-1.2246021,1.1253979
-0.88460207,1.045398,0.755398,-1.044602,-1.054602,2.045398,2.105398,3.125398,9.955398,10.275398,9.755398,5.985398,8.095398,3.9653978,3.535398,1.6153979,3.485398,5.875398,11.135398,7.805398,5.845398,4.3153977,3.235398,2.475398,1.3653979,-0.36460206,0.96539795,1.805398,-2.204602,-1.3746021,1.0153979
-0.31460205,-0.06460205,-0.13460205,-0.17460205,1.6153979,-0.804602,0.13539796,-5.044602,-4.284602,9.235398,9.315398,6.175398,9.805398,7.635398,5.125398,1.565398,-2.0346022,2.4553978,5.405398,4.975398,4.775398,4.445398,4.185398,3.585398,3.385398,2.325398,-0.97460204,4.455398,-3.024602,-0.23460205,1.555398
1.285398,0.815398,0.08539795,2.495398,3.065398,1.5253979,-0.85460204,0.05539795,-7.714602,-6.784602,5.935398,8.655398,8.585398,7.5853977,3.405398,2.775398,-0.22460204,-3.704602,-1.2546021,-0.49460205,-0.43460205,0.78539795,4.495398,6.515398,5.705398,3.395398,2.375398,-0.7546021,-1.2246021,2.655398,-4.1646023
0.77539796,3.655398,0.76539797,-1.314602,-2.724602,-1.574602,-2.394602,-1.6246021,-3.434602,-7.724602,-1.8546021,10.545398,7.925398,7.535398,5.275398,0.79539794,0.16539794,1.0053979,-0.43460205,-1.3846021,-2.164602,-1.784602,-2.114602,0.885398,4.2953978,5.805398,0.32539794,0.16539794,-0.46460205,-1.554602,-6.054602
2.075398,2.6753979,3.975398,2.275398,0.33539796,-4.034602,-0.44460204,0.33539796,-0.88460207,-8.684602,-6.374602,-3.2946022,11.255398,6.075398,5.0453978,6.095398,3.2053978,1.2553979,1.4053979,-0.43460205,-1.4846021,-3.504602,-0.30460206,0.14539795,-0.38460204,-3.604602,2.665398,2.525398,1.205398,0.03539795,-0.614602
1.315398,4.655398,4.695398,2.315398,-0.25460204,0.0053979494,-0.64460206,-2.954602,-5.2046022,-3.174602,-5.524602,-1.8446021,-3.194602,-0.18460205,3.075398,2.375398,4.275398,5.465398,5.5653977,3.985398,3.065398,2.625398,-0.06460205,-0.73460203,1.165398,-2.3246021,-0.38460204,-0.06460205,2.565398,-0.84460205,-0.97460204
0.65539795,5.955398,7.8153977,5.355398,4.985398,4.695398,1.1353979,-0.58460206,0.19539794,-0.64460206,-1.1246021,-2.7946022,-0.83460206,3.415398,5.8153977,2.285398,3.4253979,3.365398,2.9253979,1.5253979,0.34539795,0.34539795,-0.66460204,-0.30460206,-0.684602,6.425398,2.005398,3.035398,0.0053979494,-2.524602,-2.3246021
3.255398,2.315398,4.775398,4.325398,3.655398,4.645398,0.18539795,1.975398,0.6853979,0.46539795,0.38539794,-1.0146021,1.315398,4.035398,1.9853979,-1.964602,-0.26460207,0.18539795,1.6253979,-0.45460206,1.965398,2.385398,1.925398,1.3853979,4.905398,4.215398,2.145398,0.29539794,-1.404602,-3.004602,-2.704602
2.115398,2.475398,8.055398,9.935398,8.895398,4.095398,4.805398,2.415398,3.165398,2.405398,1.435398,2.275398,4.945398,2.325398,2.985398,1.965398,2.9653978,1.665398,-0.03460205,-1.074602,-1.464602,2.115398,-1.034602,1.1053979,3.595398,4.805398,3.245398,1.4953979,-1.444602,-1.814602,-2.104602
0.65539795,5.485398,8.425398,8.775398,7.2953978,5.5653977,2.145398,2.765398,3.035398,3.755398,1.585398,3.235398,4.115398,3.345398,2.9653978,6.675398,4.655398,-0.014602051,2.515398,3.075398,3.865398,-0.11460205,0.72539794,0.98539793,3.995398,4.405398,2.735398,1.225398,-0.554602,-0.83460206,-1.1146021
5.385398,6.125398,6.995398,7.345398,5.965398,5.715398,3.845398,2.105398,3.765398,5.465398,6.0653977,5.385398,5.555398,3.085398,2.555398,4.145398,6.135398,2.4653978,5.015398,2.6853979,1.7353979,-0.78460205,0.33539796,0.84539795,1.815398,4.105398,4.305398,0.885398,-0.04460205,-1.1046021,-0.13460205
5.165398,4.285398,6.5853977,8.3253975,7.8353977,6.5653977,2.755398,3.165398,2.995398,4.035398,5.285398,5.825398,6.245398,4.035398,4.735398,5.915398,3.6753979,5.495398,3.735398,0.47539794,1.785398,0.12539795,-1.3746021,-0.12460205,-2.234602,0.8053979,-0.04460205,-1.784602,3.285398,2.745398,-0.014602051
