public/data/2020072206wind.json
{"header": { "discipline":0, "disciplineName":"Meteorological products", "gribEdition":2, "gribLength":2179, "center":7, "centerName":"US National Weather Service - NCEP(WMC)", "subcenter":0, "refTime":"2020-07-22T06:00:00.000Z", "significanceOfRT":0, "significanceOfRTName":"Analysis", "productStatus":0, "productStatusName":"Operational products", "productType":0, "productTypeName":"Analysis products", "productDefinitionTemplate":0, "productDefinitionTemplateName":"Analysis/forecast at horizontal level/layer at a point in time", "parameterCategory":2, "parameterCategoryName":"Momentum", "parameterNumber":2, "parameterNumberName":"U-component_of_wind", "parameterUnit":"m.s-1", "genProcessType":0, "genProcessTypeName":"Analysis", "forecastTime":0, "surface1Type":103, "surface1TypeName":"Specified height level above ground", "surface1Value":80.0, "surface2Type":255, "surface2TypeName":"Missing", "surface2Value":0.0, "gridDefinitionTemplate":0, "gridDefinitionTemplateName":"Latitude_Longitude", "numberPoints":1333, "shape":6, "shapeName":"Earth spherical with radius of 6,371,229.0 m", "gridUnits":"degrees", "resolution":48, "winds":"true", "scanMode":64, "nx":31, "ny":43, "basicAngle":0, "lo1":105.0, "la2":0.0, "lo2":135.0, "la1":42.0, "dx":1.0, "dy":1.0 }, "data":
[rows 0 to 42 of 43, columns 0 to 30 of 31]
-0.9633838,-0.87338376,0.45661622,-1.6333838,-4.2333837,-0.74338377,-1.4633838,0.18661621,-1.0033838,-2.5233839,-1.3833838,-1.9933838,-2.4433837,1.4466162,1.5166162,-2.223384,-0.3733838,-2.7733839,-3.483384,0.69661623,0.8066162,-2.8133838,0.07661621,-4.9633837,-1.7833838,-1.8633838,0.4766162,-0.19338378,-3.4133837,-4.2133837,-3.0933838
-3.723384,-3.3133838,4.486616,5.7066164,-4.893384,1.2266163,1.0166162,0.06661621,0.7466162,-2.1633837,-0.86338377,-2.0133839,-2.5633838,-1.8233838,-0.5033838,1.2866162,1.1366162,-1.7833838,-0.48338377,1.1466162,2.2866163,0.19661622,1.0366162,-0.6933838,0.1766162,-0.5933838,-0.8933838,-2.5333838,-3.8733838,-3.733384,-3.5833838
0.26661623,-0.38338378,2.5766163,3.9566162,-3.5433838,-0.8533838,0.4366162,0.87661624,-0.9833838,0.2966162,-1.9333838,-2.2133837,-2.1133838,-2.3133838,-1.2933838,-2.6633837,-2.973384,-2.1833837,-0.48338377,0.01661621,-6.783384,-0.35338378,1.0666162,-3.5833838,-3.0033839,-1.2733837,-2.973384,-2.9133837,-3.6833837,-3.5533838,-3.243384
1.4966162,2.2066162,1.5866162,2.4766161,-1.6833838,-1.4733838,-0.80338377,1.5266162,2.3766162,1.2466162,1.0566162,-3.3833838,-1.2333838,0.50661623,-2.1533837,-3.5333838,-3.6833837,-3.6533837,-4.143384,-2.2033837,-4.2733836,-1.7333838,-1.4733838,-2.233384,-3.223384,-1.6933838,-2.6033838,-3.9433837,-3.5033839,-2.3333838,-1.3133838
0.5566162,1.3666162,-0.013383789,-0.3133838,-1.1533837,-1.4433838,-1.2133838,-1.5233837,1.7466162,3.8666162,2.5866163,-2.0133839,-1.7833838,-0.7533838,-3.9533837,-4.8133836,-4.2533836,-3.8433838,-3.7933838,-4.1533837,-3.6833837,-3.0933838,-4.123384,-3.5033839,-2.6333838,-2.7533839,-2.9333837,-2.9333837,-2.0233839,-1.9733838,-1.5033838
-0.44338378,-0.4233838,-2.3833838,-1.8933837,-1.5633838,-2.223384,-2.3533838,-2.0933838,-2.1333838,1.4366162,1.6766162,-2.473384,-1.8133838,-2.4133837,-4.033384,-4.863384,-4.283384,-3.0633838,-3.2833838,-3.9333837,-4.493384,-3.1933837,-3.2133837,-3.1733837,-2.723384,-1.7133838,-2.9633837,-3.5533838,0.6566162,-3.3933837,-1.4033837
-1.4533838,-2.5533838,-2.0333838,-1.8733838,-2.2733839,-2.3933837,-3.0633838,-4.0633836,-5.1333838,-3.9533837,0.2266162,2.5566163,-2.2633839,-3.4333837,-3.9333837,-3.3033838,-1.3033838,-3.6933837,-3.2733839,-1.4533838,-0.6333838,-2.3933837,-2.9033837,-2.1633837,-2.7933838,-3.8633838,-6.013384,-3.0733838,-3.3133838,-3.5533838,-5.453384
-1.7733837,-1.7033838,-1.3733838,-1.8233838,-1.6133838,-2.6333838,-2.9533837,-4.053384,-5.5633836,-5.1533837,-6.183384,-6.803384,-6.723384,-2.7533839,-2.483384,-2.7833838,-1.9833838,-2.5233839,-0.5333838,2.9666162,-0.9633838,-0.87338376,-2.2833838,-2.3133838,-3.3533838,-3.0533838,-8.303384,-5.7933836,-1.0133837,-2.0133839,-3.223384
-0.5333838,-2.5433838,-1.9133838,-2.0533838,-1.9133838,-1.5333838,-2.2533839,-2.9233837,-3.4633837,-4.5633836,-5.683384,-5.623384,-5.803384,-4.5433836,-3.0633838,-3.1033838,-2.0333838,0.69661623,0.2866162,0.62661624,-2.2933838,-0.6333838,-3.0233839,-1.9933838,-2.3533838,-2.6933837,-5.5833836,-7.243384,3.4166162,0.15661621,-1.6133838
0.08661621,-2.1433837,-1.1133838,-2.2133837,-0.5933838,-0.6633838,-0.9033838,-1.7333838,-2.8833838,-4.0033836,-4.113384,-2.4633837,-0.2833838,-3.8133838,-3.5633838,-2.9033837,-3.1233838,-2.8333838,-2.1333838,-1.0133837,0.16661622,-2.6833837,-3.473384,-1.6633838,-0.9533838,-1.4233838,-1.7133838,-6.393384,-0.32338378,-0.4233838,0.56661624
2.7966163,-0.8133838,-0.7533838,-2.6533837,-0.7033838,0.6066162,-0.3433838,-0.61338377,-2.1733837,-3.1133838,-3.743384,-3.9133837,-3.0933838,-2.1833837,-3.1833837,-3.1533837,-4.953384,-2.0533838,-0.3333838,-1.1533837,-1.1233838,-3.2933838,-2.5333838,-1.6633838,-0.22338378,-0.22338378,-2.223384,-2.5133839,-4.2733836,-1.1333838,-1.3433838
-0.03338379,-0.23338379,-0.7133838,-2.0933838,-1.1933838,0.5966162,-0.2533838,-0.5133838,-1.0633838,-2.223384,-2.8233838,-2.6033838,-2.8933837,-3.1433837,-3.4433837,-4.973384,-2.3033838,2.0966163,-4.243384,-1.5733838,-4.5633836,-2.4133837,-1.8533838,-1.4833838,0.7166162,-1.6133838,-1.6333838,-2.2733839,-2.5933838,-1.5533838,-1.9933838
0.27661622,0.7266162,1.8366162,2.006616,-2.8733838,0.6766162,0.3766162,-0.22338378,-0.03338379,-1.6933838,-1.4233838,-2.0333838,-2.8833838,-1.6033838,-2.733384,-3.983384,-7.933384,-4.413384,-1.4233838,-1.5433838,-1.7533838,-2.233384,-2.1133838,-2.243384,-1.9733838,-2.2933838,-2.0333838,-1.1933838,-3.3933837,-2.7733839,-3.6433837
1.1966162,-0.14338379,1.7766162,3.2166162,-0.2833838,-0.5633838,0.9966162,0.9066162,-0.14338379,-1.3133838,-1.5233837,-1.7833838,-2.4333837,-5.5433836,-4.263384,1.1366162,0.45661622,-1.5533838,0.15661621,-3.9333837,-3.8033838,-2.1033838,-2.8033838,-2.493384,-3.4333837,-3.1233838,-2.3033838,-3.2933838,-3.7533839,-2.3033838,-4.243384
1.3466163,0.4166162,1.5466162,4.0966163,-1.3033838,-0.3433838,0.9966162,1.5066162,0.16661622,-1.1633838,-1.3633838,-1.6533837,-1.5933838,-2.3833838,-2.7733839,-3.2733839,-2.3233838,-0.7033838,-1.7533838,-0.7533838,-2.2533839,-2.7533839,-2.723384,-4.573384,-3.9433837,-3.8433838,-3.7033837,-3.6433837,-3.5933838,-3.7033837,-4.5233836
-0.9833838,1.2966162,1.3166162,0.1466162,-7.1933837,-1.0933838,0.6166162,0.5966162,0.5966162,-0.4333838,0.4766162,-0.86338377,-1.4433838,-0.5633838,-1.2533838,2.8766162,-4.143384,-3.3833838,-3.8833838,-3.5733838,-2.233384,-2.7533839,-3.4233837,-4.2133837,-5.0033836,-2.9533837,-3.7733839,-3.483384,-4.073384,-3.7733839,-2.0033839
1.4966162,1.7666162,1.6066163,-4.2733836,-3.6233838,-1.7333838,-2.1833837,0.23661621,1.4266162,1.3266162,0.7066162,-0.5433838,-1.2633837,-0.2133838,-0.08338379,-1.3733838,1.5366162,-7.263384,-3.9133837,-3.3233838,-2.2733839,-1.8633838,-3.8633838,-4.643384,-3.983384,-3.1933837,-3.2933838,-4.323384,-3.6533837,-3.6633837,-3.5133839
1.4166162,3.756616,-6.263384,-5.1733837,-2.2833838,0.24661621,-0.6533838,-0.7633838,0.69661623,1.5066162,-0.6533838,-1.1033838,-0.55338377,0.4966162,1.8166162,1.9766163,-1.6233838,-0.44338378,-3.0633838,-3.4133837,-2.8133838,-3.8133838,-4.5233836,-4.1733837,-2.9333837,-2.9133837,-3.1733837,-3.5133839,-3.733384,-3.4333837,-3.6733837
1.7566162,-2.3533838,-5.803384,-3.7933838,-3.733384,-1.4633838,-3.1233838,-0.86338377,-0.5733838,-2.243384,-1.3433838,-0.7833838,-0.15338379,1.1866162,3.5366163,3.9666162,-2.5233839,-5.1933837,-3.6833837,-4.0233836,-3.6133838,-3.7733839,-4.2533836,-3.0733838,-2.6833837,-2.5533838,-3.0733838,-3.4133837,-3.8733838,-4.323384,-3.723384
-3.0633838,-4.453384,-3.5033839,-2.3733838,0.8466162,-0.5433838,-1.4833838,0.09661621,0.27661622,-0.6433838,-1.3833838,-1.3733838,-0.12338379,-1.0033838,-4.283384,-4.7333837,-8.423384,-7.1333838,-5.013384,-4.7533836,-4.993384,-3.5533838,-2.9433837,-2.5233839,-1.6433837,-2.4333837,-2.2133837,-2.3633838,-3.5633838,-3.1833837,-3.3833838
-1.5533838,-3.1233838,-1.7633837,-0.26338378,1.9966162,-5.2133837,-5.803384,1.6466162,0.63661623,0.6166162,-0.5333838,-1.1933838,-0.80338377,-3.5333838,-5.4433837,-6.6533837,-6.453384,-5.513384,-5.013384,-4.0233836,-4.6533837,-4.8333836,-4.073384,-3.1333838,-2.5633838,-2.4433837,-1.7233838,-3.3433838,-2.6033838,-3.5833838,-2.7033837
-1.4833838,-1.6733838,-0.8333838,3.1866162,0.27661622,-5.513384,-3.1233838,-2.2933838,-1.8233838,-0.6433838,0.9266162,-0.68338376,-0.7333838,-3.1133838,-6.0033836,-5.9233837,-4.9633837,-4.6333838,-3.9133837,-4.143384,-4.573384,-4.613384,-4.363384,-3.6533837,-3.4633837,-3.233384,-3.6733837,-3.5033839,-4.073384,-2.9333837,-3.9233837
-2.2833838,-0.14338379,1.3866162,0.6466162,1.3566163,-2.6033838,-1.3933837,-0.9433838,-3.3733838,-2.1833837,-0.93338376,-1.1933838,-0.7533838,-3.5133839,-5.103384,-5.7133837,-5.013384,-3.8233838,-3.9333837,-3.6633837,-3.4133837,-4.6733837,-4.473384,-4.3333836,-3.5933838,-4.323384,-4.643384,-4.803384,-4.163384,-3.0033839,-2.3333838
-0.6433838,-1.7633837,0.9066162,-0.6533838,-1.4333838,-1.0233837,-1.1833838,-0.12338379,-1.4933838,-2.4533837,-1.1633838,-3.3833838,-2.5133839,-1.8333838,-2.1433837,3.8666162,-1.5833838,-2.3233838,-2.233384,-2.8533838,-3.7033837,-3.9333837,-4.7133837,-5.3133836,-4.743384,-4.5633836,-4.053384,-3.6233838,-3.5933838,-2.6833837,-3.243384
2.8666162,-2.2533839,-0.9133838,0.4166162,-0.7933838,0.02661621,0.01661621,0.2266162,-0.05338379,-1.0633838,1.0366162,-1.2433838,-0.5033838,0.9566162,3.0966163,2.9666162,2.4366162,-1.0933838,-1.9833838,-2.6533837,-2.8333838,-4.5233836,-4.123384,-3.1533837,-2.9533837,-2.9533837,-2.6533837,-2.8233838,-3.223384,-2.5133839,-3.2033837
1.7166162,0.1466162,-0.16338378,0.24661621,-0.2733838,3.3666162,1.6866162,0.2866162,-0.03338379,2.7966163,-0.44338378,0.9066162,-0.26338378,1.2966162,1.1166162,2.6066163,2.6366162,-2.243384,-0.93338376,-1.4733838,-1.3033838,-2.5833838,-2.1933837,-2.0933838,-1.8433838,-1.7833838,-2.2533839,-2.0633838,-2.1633837,-2.0233839,-1.6833838
2.2466161,2.9466162,-0.4033838,0.06661621,-0.5433838,1.6766162,5.136616,4.0766163,1.0766162,1.4966162,1.5666162,1.5366162,1.6166162,0.21661621,0.6466162,-0.8233838,1.2466162,0.8966162,1.8166162,-0.5033838,-0.2533838,-0.7633838,-0.4333838,-0.26338378,-0.35338378,-0.5433838,-1.0233837,-0.7333838,-0.7733838,-0.4933838,-0.29338378
2.4766161,3.9466162,2.7866163,3.3866162,1.6766162,3.6766162,0.7266162,3.3166163,3.1066163,2.5966163,1.2466162,-0.11338379,1.3066162,1.2666162,2.506616,0.3866162,0.8466162,3.0466163,1.7266163,-0.17338379,0.15661621,1.0766162,0.6666162,-0.16338378,0.7666162,-0.4933838,0.4066162,0.7266162,0.4066162,0.75661623,0.6466162
0.3266162,-2.6233838,-0.35338378,1.7766162,1.3366162,3.1466162,0.5266162,1.3766162,2.6166162,4.406616,1.3666162,2.4166162,3.0666163,-0.4233838,2.006616,-0.5933838,-0.5633838,0.9666162,0.8466162,0.5466162,1.0566162,2.3566163,2.0466163,2.4366162,1.5466162,1.7366163,2.2266161,2.2366161,1.9866163,2.5366163,2.6666162
0.4966162,1.4666162,-1.3733838,-0.06338379,0.7966162,2.4166162,5.986616,-0.44338378,3.1466162,2.9266162,2.1766162,5.086616,3.6966162,3.4966161,2.9666162,0.27661622,0.42661622,1.0066162,1.0966163,1.8066162,2.276616,2.7866163,2.4766161,2.1666162,2.4066162,3.1766162,3.1766162,3.1466162,3.7966163,3.5366163,4.1166162
-0.20338379,1.7666162,1.3366162,0.13661622,-1.0033838,0.19661622,3.1866162,4.716616,3.9466162,4.756616,3.2966163,1.6666162,4.336616,4.546616,4.6866164,3.3066163,1.8866162,-2.6833837,1.4766163,0.9166162,2.026616,2.9066162,2.6966162,2.2366161,3.4766161,2.256616,2.1066163,3.0466163,3.7866163,5.8666162,3.526616
-0.35338378,0.5266162,1.0966163,0.3766162,-1.1833838,0.4166162,-0.013383789,1.1066163,6.086616,6.396616,4.5966163,5.8466163,4.8666162,6.8266163,3.4366162,-0.6333838,1.3666162,0.09661621,-0.2533838,1.1866162,1.8966162,2.3766162,2.1766162,2.9666162,3.266616,2.9066162,7.896616,1.7366163,1.2866162,0.12661621,2.5866163
-0.32338378,-0.7933838,-1.2933838,-0.3633838,0.4166162,-0.9233838,-0.93338376,-0.8233838,2.8766162,7.2666163,7.426616,3.3766162,-1.0833838,3.0766163,2.3466163,-1.7133838,-5.513384,-4.823384,-2.8533838,-0.4033838,1.8066162,3.3266163,3.256616,4.0566163,2.7166162,1.5466162,3.3966162,-0.9433838,4.506616,1.6766162,1.9166162
-2.1333838,-1.7133838,-1.4633838,-1.7333838,-0.61338377,-1.1133838,-0.8133838,0.08661621,-3.3733838,4.696616,7.856616,0.3266162,-4.683384,-5.643384,-6.803384,-9.393384,-11.223384,-7.873384,-7.6533837,-5.283384,-2.1233838,2.2066162,5.756616,5.8666162,6.4166164,4.776616,4.526616,-2.5133839,-1.4433838,-4.573384,-0.5333838
-2.0733838,-1.1333838,-0.073383786,-2.1533837,0.01661621,-1.3833838,-1.4233838,-0.3333838,2.5966163,-0.55338377,7.876616,-0.93338376,-6.873384,-8.973384,-9.363384,-6.7333837,-8.403384,-5.5033836,-3.5333838,-3.6033838,-1.4333838,1.7366163,6.486616,6.2866163,6.256616,9.366616,5.5966163,0.6466162,0.03661621,1.4966162,-0.2433838
-4.0233836,-1.6633838,-2.0133839,-2.8633838,-2.4433837,-7.433384,-1.0633838,0.4066162,-2.8933837,-4.4433837,-4.4033837,-7.6333838,-10.283383,-9.043384,-7.4033837,-6.873384,-7.243384,-2.8933837,-3.5833838,-2.6233838,1.2366163,1.2766162,2.4466162,0.5366162,-1.1433837,5.636616,7.606616,0.16661622,-0.32338378,0.9966162,-1.4633838
-2.1433837,0.6066162,-4.1933837,-4.223384,-4.6533837,-3.743384,-6.9233837,-6.993384,-1.3733838,-1.9633838,-3.5633838,-7.933384,-7.143384,-10.083384,-9.023384,-2.2033837,-2.2833838,1.1566162,0.45661622,2.5666163,3.9466162,3.3466163,3.8666162,0.7266162,-1.3233838,-7.2333837,-5.013384,-2.243384,0.5166162,-2.6333838,-1.5133837
-0.06338379,-3.4233837,-4.163384,-6.303384,-5.6733837,-2.2933838,-7.993384,-2.7833838,1.5866162,-2.6833837,1.5966163,-4.093384,-6.643384,-8.443384,-4.1533837,-4.623384,-2.6033838,-0.99338377,-0.15338379,1.0566162,0.7266162,4.3666162,-1.1433837,-0.5633838,0.09661621,-2.4033837,2.3166163,-1.3633838,-1.1933838,-0.16338378,0.7966162
-6.2933836,-6.493384,-5.993384,-8.103384,-6.4033837,-4.1533837,-0.80338377,-4.663384,-4.9833837,-4.123384,-0.6633838,-2.4333837,-7.433384,-7.723384,-5.6733837,-5.553384,-4.0433836,-4.573384,-1.6433837,-0.3433838,-0.29338378,1.0966163,-2.0933838,1.1766162,-5.163384,-0.8133838,0.006616211,-2.4633837,-0.35338378,-1.8933837,-0.4333838
-1.5933838,-2.0133839,-7.1733837,-4.323384,-3.2833838,-3.8233838,-1.1333838,-1.6233838,0.63661623,-2.2633839,-2.3933837,-3.3133838,-6.4033837,-4.973384,-2.743384,-1.0533838,0.8566162,-2.3933837,-1.4833838,-0.16338378,1.6266162,0.4666162,-2.2833838,-4.073384,-3.2733839,-0.47338378,0.03661621,0.81661624,1.3166162,1.3266162,1.0966163
-5.223384,-6.323384,-3.3933837,-2.8333838,-2.9133837,-2.8833838,-2.1233838,-4.013384,-2.8233838,-3.1633837,-0.41338378,-2.2633839,-3.233384,0.6166162,-0.013383789,-1.3733838,1.8966162,0.02661621,-2.233384,0.13661622,-1.1333838,3.1266162,-4.093384,-1.2433838,0.9766162,2.3966162,3.6466162,4.926616,3.9566162,3.3966162,1.7766162
-3.9333837,-4.843384,-3.5533838,-3.7033837,-0.7033838,-0.35338378,-0.06338379,0.7166162,-1.0733838,-3.5033839,-0.6733838,-0.15338379,0.1466162,-0.5733838,0.9566162,-0.7033838,-1.9733838,1.6266162,-0.61338377,-0.9733838,-2.1533837,-1.0033838,0.4166162,-1.8133838,-2.733384,3.4366162,4.336616,4.3066163,2.7966163,1.0466162,-1.6733838
-2.7833838,1.4866163,-1.2233838,-0.08338379,1.4566162,0.3766162,-0.2133838,-0.11338379,-0.16338378,-0.5333838,1.4666162,1.6066163,0.7666162,2.1866162,1.9066162,-1.4533838,-0.7333838,-1.0433838,0.3866162,0.9266162,-2.8033838,-1.4133838,-1.6433837,-0.6933838,0.8066162,-1.6533837,-1.6633838,2.0466163,-0.6033838,-1.0533838,-2.4333837
